0 5100
1 1352
2 1072
3 1092
4 1412
5 932
6 951
7 942
8 962
9 932
10 982
11 941
12 932
13 951
14 942
15 911
16 942
17 931
18 932
19 922
20 942
21 932
22 932
23 932
24 952
25 952
26 941
27 922
28 931
29 952
30 942
31 932
32 962
33 962
34 932
35 952
36 6412
37 972
38 941
39 942
40 952
41 942
42 962
43 941
44 1313
45 982
46 961
47 952
48 982
49 962
50 962
51 942
52 942
53 941
54 962
55 941
56 952
57 952
58 972
59 952
60 942
61 942
62 951
63 932
64 972
65 972
66 972
67 951
68 962
69 942
70 952
71 942
72 972
73 952
74 941
75 932
76 932
77 952
78 962
79 941
80 972
81 962
82 942
83 942
84 941
85 952
86 951
87 962
88 952
89 942
90 962
91 941
92 962
93 962
94 942
95 1142
96 942
97 951
98 932
99 941
100 962
