[34279.735999] 0 60
[34279.736023] 1 70
[34279.736084] 2 70
[34279.736098] 3 60
[34279.736104] 4 60
[34279.736109] 5 60
[34279.736114] 6 80
[34279.736126] 7 70
[34279.736131] 8 100
[34279.736137] 9 90
[34279.736142] 10 90
[34279.736148] 11 80
[34279.736153] 12 80
[34279.736159] 13 110
[34279.736165] 14 80
[34279.736170] 15 91
[34279.736196] 16 90
[34279.736202] 17 90
[34279.736207] 18 90
[34279.736212] 19 90
[34279.736218] 20 91
[34279.736224] 21 100
[34279.736229] 22 100
[34279.736241] 23 110
[34279.736247] 24 110
[34279.736254] 25 120
[34279.736277] 26 120
[34279.736282] 27 120
[34279.736288] 28 140
[34279.736322] 29 120
[34279.736330] 30 160
[34279.736338] 31 120
[34279.736343] 32 120
[34279.736349] 33 130
[34279.736360] 34 150
[34279.736382] 35 130
[34279.736390] 36 141
[34279.736395] 37 191
[34279.736404] 38 240
[34279.736413] 39 151
[34279.736418] 40 151
[34279.736424] 41 180
[34279.736439] 42 191
[34279.736471] 43 200
[34279.736479] 44 210
[34279.736486] 45 231
[34279.736493] 46 230
[34279.736500] 47 220
[34279.736515] 48 181
[34279.736522] 49 220
[34279.736529] 50 230
[34279.736536] 51 240
[34279.736550] 52 241
[34279.736557] 53 240
[34279.736564] 54 240
[34279.736571] 55 250
[34279.736578] 56 231
[34279.736609] 57 261
[34279.736616] 58 241
[34279.736623] 59 270
[34279.736630] 60 270
[34279.736637] 61 271
[34279.736665] 62 250
[34279.736673] 63 291
[34279.736680] 64 281
[34279.736687] 65 290
[34279.736694] 66 280
[34279.736708] 67 231
[34279.736715] 68 280
[34279.736722] 69 281
[34279.736749] 70 231
[34279.736756] 71 290
[34279.736763] 72 301
[34279.736770] 73 321
[34279.736777] 74 301
[34279.736784] 75 370
[34279.736791] 76 351
[34279.736805] 77 310
[34279.736813] 78 321
[34279.736840] 79 310
[34279.736847] 80 321
[34279.736854] 81 380
[34279.736861] 82 331
[34279.736868] 83 331
[34279.736875] 84 351
[34279.736889] 85 261
[34279.736896] 86 341
[34279.736903] 87 351
[34279.736910] 88 350
[34279.736917] 89 360
[34279.736924] 90 401
[34279.736932] 91 360
[34279.736939] 92 361
