0 10179
1 27942
2 9578
3 2054
4 1773
5 1703
6 1693
7 1853
8 1803
9 1793
10 1883
11 1713
12 1723
13 1863
14 1763
15 1783
16 2134
17 1744
18 1744
19 1774
20 1813
21 1813
22 1813
23 8606
24 1894
25 2024
26 2695
27 2084
28 2495
29 9729
30 2965
31 2004
32 1764
33 1833
34 1893
35 2265
36 2064
37 2475
38 2806
39 2305
40 2044
41 2604
42 26670
43 2875
44 2845
45 2735
46 2925
47 2715
48 2385
49 2715
50 2785
51 9267
52 2956
53 2725
54 2715
55 2795
56 25638
57 3046
58 2875
59 2886
60 2885
61 23134
62 2995
63 2725
64 2836
65 2765
66 3025
67 9308
68 2776
69 2736
70 2625
71 2785
72 2765
73 2715
74 2816
75 2815
76 2965
77 3016
78 22122
79 3055
80 2786
81 2875
82 2845
83 2815
84 2735
85 9458
86 2815
87 2876
88 2816
89 2845
90 2845
91 2786
92 3015
93 2916
94 2945
95 2805
96 2916
97 2875
98 2905
99 2835
100 2755
